12368422774
13442886474
14948175148
22323613075
24245336111
2928880786
2973137367
3227145840
3626762327
3653093042
3665722408
3676319304
3721864352
3769598918
3811947225
4056911501
4193990746
4434401331
4637643085
50041602423
50043623128
50098349206
50285797599
50365529807
50462352025
50703781984
50792189267
51668135121
51800393622
52168509817
52196820896
52203941744
52234446256
52409206430
52447875425
52631374635
52929119723
53113982636
53295115745
53611049664
53733474577
54335937814
54359314455
54536250512
54939613589
54939793355
5500834804
55161212751
5528396929
55653323414
55760193917
5577050366
55822066581
55989597730
56171366642
56452881120
56702443040
56788712106
56855310223
57162199308
57291709121
57391389148
57497553970
57764242589
57785434469
57901030768
58301825841
58444411113
58524062988
58543073248
58553216308
58611976827
58778239440
58952198911
59325291875
59391751770
59467667211
59540570520
59582662621
59756527176
60146315495
60272150804
60548672231
6088694862
6093608053
61019922265
6111990366
61538690146
6190645104
61969695040
62078924513
62302302610
6231579431
62349716063
62376246706
6241983719
62455228714
6301181466
63013739626
63016659507
63037937419
63221734874
63234545240
63249129308
63265528638
63267598701
63338488473
63380136721
63386062107
6341087270
63430660906
6363242751
63670770628
63677407319
63962734582
64193468591
64332390083
64450559862
64459669935
64637127215
64689624277
6496103207
65497350233
65546032617
65649478875
6566359241
65734513641
65984288568
6601804319
66087751197
66106093521
6617351395
66175609627
66285340835
66333656224
6637951781
66389741998
66413715216
66470709059
6649305421
67024298649
67198009423
67211836630
67213866401
67267190803
67287193499
67288987607
67289070019
67290130208
67480777315
67516955715
67548286657
67632292186
67679248084
67681636735
6814758380
68499641462
68630891737
68734464190
6901613422
69120409714
69239278313
69251532021
6926502240
6928396064
6938019621
69536496004
6970765310
70055530570
70108907293
7014332763
70245728591
70354860702
70492409930
70492624165
70826387015
70928494426
71576391431
72086325034
72168950784
72195024950
72195267586
72279367765
72302623242
72358313973
72384239392
72428160631
72463719659
72896576878
73075115619
73108190064
73181762802
73289836879
73317479422
73354136464
73359843603
73464411735
73727572718
73887110775
73993228935
74026554033
74298938651
74476802045
74962236452
75709433255
75748409976
75911647134
75948701571
76075208465
76078835356
76346738041
76543860427
76547375704
76606732785
76622373123
76888053062
77026510241
77184922702
77203824841
77210656314
77396163632
77831755777
77964014420
78161213844
78195231611
78470260200
78511555286
78760901470
78767723550
78770457463
78908948080
79058998704
79130186747
79505999165
80082651628
80162093232
80181180598
80703688178
80712502342
80733956548
80789570553
81157602271
81187967310
81356240387
81895186598
82135410819
82226085724
82518015165
82836409692
83443976144
83552668294
1223408790
1514044741
2740241245
2928880786
3130697565
3468597756
3535228876
3626762327
3721864352
4053788427
4061395358
50051905287
50285797599
50696711967
51041735729
51120087725
51179728283
51431360744
51458101564
51458423806
51488236723
51548892830
51682661760
51720798751
51954049352
52168509817
52260263778
52293751426
52409206430
52732890569
52855656306
53051156296
53053336444
53199758444
53292861801
53295115745
53363700070
53628112272
5383824246
54031583584
54169424292
54428722137
54527559480
54713142371
55179186039
55181791231
55226193733
5530277471
56180964368
56549561586
5752017656
57808121441
5786562032
58273690771
58546347344
58599464904
58609127641
58959266085
58960025024
59162915916
59359419341
6010415026
6026968107
60748637335
6085105127
60902641038
6111251562
61611938570
61887461062
61890118747
6195713853
6301405758
63016659507
63246555767
63314518681
63341619848
63376682064
63408612913
6363242751
63677152831
63962734582
6424194996
64457583066
65018508454
65096808539
6531279514
6579877835
6584512884
66175609627
6631728791
66318392913
6634562204
6637951781
66430133211
66536024649
66544101154
66694913768
66824086520
66990833918
67024298649
67052008973
67189565340
67198009423
67211836630
67288987607
67289070019
67512564543
67618452886
67632292186
67681636735
67865517659
67931640700
67931697152
68079205707
68248922877
68499641462
68537477162
68721103144
68793291167
6887741327
6894609747
69053275431
69120409714
69357746570
6938019621
69430057825
6946693172
69536496004
69539754243
69737662362
69744363138
69774660662
69979853288
7014332763
70353918717
70420916037
70438741954
70562565128
70590292685
71254804412
71262960451
71292929957
71307867017
71470879927
71591631242
71767376341
72302623242
72384239392
72457776511
72461125199
72477692139
72478474176
72478483585
72702447226
72777930701
72783224986
72852676479
72896065429
73186365483
73210337769
73232338228
73515841943
73551744203
73560225381
73583089904
73663469094
73727572718
73772477679
73835663970
74104738750
74113849768
74267006345
74455711872
74472191325
74587938917
74615535237
74924014792
75085529834
75689733575
75705946576
75710508903
76058063397
76547375704
76719614032
77101249516
77210656314
77390237049
77396163632
77521913770
78170452214
78184798961
78948250627
79102004566
79281336979
79578309978
79934531033
80082651628
80119059039
80133865987
80167876431
80703688178
80789570553
81222080527
81287927205
81330426032
81441077671
81699652014
81790134181
82135410819
82192834141
83443976144
83552668294
2991755384
3220559275
3626762327
4052512315
4074028829
50008979926
50051905287
50285797599
50792189267
51366525798
51644964834
51846171466
52064684901
52168509817
52260263778
52392864707
52696135388
53053336444
53199758444
53596266514
53975514464
54622074905
54778621966
55543115309
55756414160
5606540134
56233466445
57079063469
5757650645
58273690771
59467667211
5965646958
5977249485
60020238867
60145701312
60152416921
6029204747
60859878552
6111251562
61969695040
62420651345
62628278895
63001086317
63029977510
63037937419
63216943986
6335707737
63459872787
6354137136
64177152144
64202897424
6424194996
64324898499
64530327383
64559094793
64969753767
64984766006
65126301762
65422721019
6584512884
65953202057
6637951781
66478369926
66544101154
66727091414
66750607951
66990833918
67025473424
67288987607
67512564543
6764994006
67773411283
67809031843
67862444188
68006339558
69228845902
69358860299
69536496004
69960797491
70245728591
70591150580
70895084215
70970854456
71262960451
71273089902
71292929957
71708183228
72086325034
72667330639
73489287253
73886999522
74153649936
74246059325
74445919583
75116983549
75728611562
76038440744
76078835356
76475962791
76571937939
77390237049
77493272877
77523340007
77674109253
78201549389
79112646787
79505999165
80119059039
80342713860
80401437454
81180251393
81302448464
81895186598
82170200040
82192834141
83443976144
83552668294
83687598747
1878270931
23575006936
25457470726
2759306415
2888021117
3163559313
3645661049
3671718847
3676319304
4238655291
4265901452
50051905287
50696711967
51189006707
51529786901
52167219656
52392864707
52436663959
52631374635
52865174110
53106005673
53295115745
53733474577
5451150783
54713142371
5570769308
56038268562
56855310223
57079063469
57320839562
58546347344
58959266085
59026454625
5950131817
60008372648
6065401496
60859878552
6111251562
61121676494
61581400451
6196672487
61969695040
62131740602
62818377534
64049133421
64071947832
64530327383
64605838651
64723999006
64884805493
6531279514
6531636177
65644700318
6599612352
6634562204
6637951781
66478369926
6649305421
66694913768
66968228248
67260908959
67289070019
67513171314
67931697152
68079576723
68248922877
68435094416
68602040260
68707788234
68729049259
68795045233
69228845902
6925579471
69451482824
69536496004
69722581754
6998770866
70159671052
70385729867
70535682923
70706877041
71074634083
71262960451
71273089902
71292929957
71591631242
71771186073
72272265512
72679294163
72702447226
72783224986
73727572718
74050721331
74113849768
74447693709
74865577392
74868165162
74974243229
75116983549
75185365340
75224410534
75428082180
75611838390
75710508903
75852695130
75860596387
76058063397
76078835356
76341145089
76743580723
76938970160
77539832525
78201549389
78529268011
78978151584
80119059039
80168632857
80401437454
80789570553
81503711232
81782210319
82192834141
82233460441
82234333075
82493874506
82836409692
11445450834
16117865439
2431399214
25457470726
3207772979
3645661049
3676319304
4486365641
4738482713
50008979926
50014114471
50096629149
50285797599
50508431350
50792189267
51095235492
51292735359
51941121845
52168509817
52392864707
5240013457
52631374635
52672082017
53053680996
53139973074
53292589636
54697098593
54734529975
55457136068
55760193917
55923175342
57412783745
57652534458
5772287956
58536832761
58544381437
58959266085
58960025024
5950131817
59878799891
60272150804
6053637082
60618853412
60859878552
60942319962
6111251562
61121676494
6115450725
6116783707
61611814213
62078924513
62846219493
62946649300
62979505690
63108965436
63339264523
63559719619
64071947832
64530327383
64723999006
64893119065
64971835380
65082469863
65096808539
65768582883
65853165133
66087751197
66188535368
66478369926
66544101154
66694913768
66781187243
66990833918
66998655099
6707571116
67108575335
67288987607
67365841327
67439947006
67447308004
67529256567
67600591259
67618452886
67802880454
67959867262
68078849173
68181429208
68290198375
6849747861
69439859829
69461231763
69536496004
69682031588
69737662362
70385729867
70463048671
70824003969
70970854456
71074634083
71201769707
71262960451
71273089902
71598559888
71708183228
71801086289
71901992897
72086325034
72679294163
72914683606
73187242148
73359843603
73835663970
73886999522
74153649936
74277703328
74379598229
74393789723
74865577392
74868165162
74966002494
76170200520
77362871521
77537017173
78470260200
78767723550
78770457463
78809907949
78891212640
78978151584
79063070129
79069924062
79282897831
79581968170
80119059039
80372047606
80789570553
81460119013
82170200040
84989590300
1958340871
3904071547
4377281913
51006114844
51095235492
51135355919
51161208617
51954049352
52151028147
52168509817
52392864707
52489789975
53056494412
53611049664
53874096646
54422345091
5477293442
54778621966
5529965243
5536533958
55581065204
55756414160
55854932639
55989597730
57013579816
57412783745
5768104188
57742778777
57839423781
58553216308
58638589183
58960025024
59351402622
5977249485
60777453632
6085105127
60931363041
6111251562
61121676494
61199352940
61969695040
62078924513
62349716063
62512147874
62829402565
62856718364
63216943986
63386252933
63433844721
63717002050
63899487157
63906810965
64048842495
6428584081
64525962591
64531164062
64723999006
65082469863
65214108838
65411210005
6592552950
66386660204
6642389652
66478369926
6649305421
66694913768
6693283587
66945554642
66990833918
66998655099
67025473424
67257695844
67639295517
67678565423
67717323391
67931640700
68022095752
68058413777
68079576723
68336159222
68627702688
68721103144
6887741327
69185551189
69228845902
69536496004
69737662362
69960100986
70385729867
70698851652
70938968487
71471020170
71591631242
71652701861
71787990501
71931038593
71968547310
72363405118
72679294163
72783224986
72808619697
73177361833
73285018820
73397793311
73862498584
73959008488
74026554033
74050721331
74113849768
74865577392
74868165162
75116983549
75710508903
75745251198
75862409932
75865262505
76181095460
76571937939
77362871521
77537017173
77539832525
78184798961
78978151584
79069924062
79130186747
79146558709
79456426262
79791506210
80082651628
80333396271
80372047606
80789570553
81157602271
81445304653
81460119013
81903280708
81997309932
82170200040
82194482652
82235052791
83687598747
23830178943
24245336111
3050335050
3167051012
3577749124
4035325581
4056911501
4983314259
50052379792
50395307133
50568569901
50867083403
51076347249
51095235492
51690322319
51821381062
51839058979
51842427880
51853290985
52168509817
52392864707
52408149157
52530303252
52631374635
52650375657
52662484122
52672082017
53146320677
53295115745
5379330121
54031583584
54353106483
5451150783
5452665467
54964241927
54967239658
55666390037
55854932639
57412783745
57958956016
57965787648
5863621288
58959266085
59000279391
59257460961
59391751770
60622447218
60948410245
61121676494
61285628572
61298533431
61566102197
61663662566
61969695040
62230506541
62418487564
62453508919
62462462163
62495236483
62829402565
62855821749
63234545240
63834138308
63899487157
64120872999
64201754489
64864259861
64971835380
65082469863
66038535109
66188142416
66421153391
66478369926
6656083411
66694913768
66816372617
66843424673
67024298649
67025473424
67081894697
67257695844
67265221655
67460850441
67726256719
68022095752
68058413777
68123379794
68195946467
68288435883
68332087791
6846294673
68517364969
68627702688
68719381378
68795862227
6887741327
69308552980
70385729867
70808276853
70961139459
71262960451
71665921004
71750817900
71968547310
72060941697
72431770987
72679294163
72688370956
73104276660
73286230700
73286231468
73300921766
73359843603
73858831799
73887110775
73903128093
74007692899
74277703328
74393789723
74865577392
74868165162
75709433255
75839436943
75862409932
76330116578
77210656314
77362871521
77396163632
77537017173
78178381177
78350569029
78441668043
78470260200
7895630556
78978151584
79791506210
80184107251
80333396271
81445304653
81903280708
82170200040
82194482652
18946298229
20896494526
21108305277
21385101694
24044067612
24245336111
2431399214
2759306415
3235754961
3369226204
3468167222
4193990746
4300825860
4434265595
4677699328
50065925794
51076347249
51095235492
51095546472
51116042749
51401798410
51590576450
52168509817
52238584775
52367577288
52590527599
52653916167
52866758277
52891536012
53053680996
53216356719
53292861801
53295115745
53394315134
53611049664
53874096646
54422345091
54734529975
5484672184
55306269789
55482801309
55760193917
56910785033
57412783745
58308543303
58612263100
58952198911
58959266085
58960025024
59351402622
5950131817
60146315495
60489178134
6077517173
60931363041
61121676494
61269718737
61538690146
62459883092
62462462163
6251314756
62706852586
62763549606
62856718364
62883666098
62939795169
63677152831
6367839506
63694867048
63906810965
64049234216
64115789467
64262672971
64416141197
64599022443
64864259861
65006534477
65134712953
65564319290
66389741998
66405453369
66478369926
66727091414
66865973599
66939322042
67081894697
67183032719
67198009423
67200303230
67211836630
67467200202
67642703426
67932765687
67959867262
68123379794
68332087791
6846294673
68499771107
6885598609
69039028351
69195837060
69228845902
6938893802
70360289983
70366081446
70385729867
70584619091
71137362307
71209295773
71262960451
71561931620
71665921004
71795936766
72096528799
72679294163
72783224986
73014049707
73108190064
73200502609
73496537998
73616568956
73858831799
74277703328
74865577392
74868165162
75085529834
75243661833
75865262505
75939523077
76062190284
76063543886
76574714065
76880974207
77362871521
77392241265
77537017173
78009040778
78142269467
78186214252
78795833210
79063070129
79167890351
79736481722
79752835915
79791506210
80082651628
80210522137
80561191305
81180251393
81429799711
82135277896
82170200040
82194482652
83268942235
14724453901
24245336111
2759306415
4175741814
4401032069
50002145817
50042520335
50224210764
50265735011
50911032620
51055786144
51095235492
51095546472
51112227188
51970142794
52006166426
52168509817
52225797690
53053680996
53158938001
5345343020
54527559480
54603456702
55181791231
55454685806
55597160887
55760193917
56376076324
57013579816
57320839562
5761209428
5761623242
57705902706
58778239440
58952198911
59391751770
59765103830
5991824694
60065064874
60352396640
60691523564
6077517173
61476962911
61872845543
61969695040
62078924513
62459883092
6246494961
62855821749
6315646130
63216943986
63403561319
63716632107
63847430693
64559094793
64599022443
6474435493
64814618926
65096808539
65161710336
6631695253
66478369926
6649305421
66781187243
66846639707
67189565340
67198009423
67211836630
67281329478
67367039316
67471561749
67492718012
67887013655
67959867262
68014602215
68627702688
6887741327
69039028351
6936120698
69502840437
69536496004
69715034123
69737662362
69992345167
7014332763
7019132681
70360289983
70385729867
70809702100
70944371193
71249302543
71262960451
71554283626
71564362139
71767376341
71795936766
71962028314
72123530762
72302623242
72305177031
72458971808
72679294163
72783224986
72998183646
73200502609
73359843603
73954427080
74046471157
74865577392
74868165162
75090510867
75116983549
75166120363
75361279256
75852412513
76017062371
77101249516
77362871521
77537017173
77982840299
78174854084
78284667334
78459862018
78769953259
78811352074
78891212640
78978151584
79167890351
79791506210
79791861222
80119059039
80210522137
80574217152
80942512816
82135059513
82194482652
82493874506
83268938034
84989590300
24245336111
3077421339
3455299108
3721864352
4300825860
4401032069
4407154680
4443129480
50014114471
50084540888
50378671379
50462352025
50867083403
51095235492
51112227188
51590576450
51853290985
52151028147
52343141351
52409206430
52719918408
53132302063
5345343020
5372194025
5437837227
5448147447
54642902826
54662004213
54778621966
55164137922
55255459150
5530277471
56308445007
58119586233
5818254969
58308543303
58536848848
5859670551
58612263100
58936306000
58952198911
59030690427
5945532113
59555576436
59726668880
59765103830
59878799891
60423958278
60473761807
60515610581
6065686266
61121676494
61235381982
61285628572
61428848465
61450499196
61476962911
61485312557
61543780523
61652209739
61969695040
6246494961
62741015171
63216943986
63534755530
63677152831
63716632107
63849915052
63866200779
64202127756
64276221859
6433515727
64421250379
64436593713
64525962591
64599022443
64689624277
64814618926
64971835380
65298388462
66405453369
6649305421
66694913768
66781187243
66846639707
66939322042
67211836630
67212829560
67281329478
67807428505
67925729953
67932765687
6821359846
6846294673
68490696499
6865773224
68793291167
69199267685
69502840437
69737662362
69960100986
70070589816
70172035368
70190659784
70360289983
70385729867
71114655897
71193907197
71262960451
71438618056
71665921004
71999720467
72084324372
72468728809
72667864589
72679294163
72783224986
73002561423
73272019126
73394001179
73560225381
73941079781
73948252862
73976096845
74001415981
74108643012
74865577392
74868165162
74882670146
74994200527
75079838692
75116983549
76078835356
76880974207
77210656314
77362871521
77537017173
78755840299
78795833210
78955357951
79923621220
80082651628
80119059039
80181180598
81343680325
82135059513
82194482652
84989590300
15022465107
24245336111
2760944654
3103575144
3944311617
4407154680
50043133324
50224210764
50230595714
51095235492
52631374635
52720436168
53101624925
53295115745
5345343020
53975514464
54002007153
5416997325
54662004213
55760193917
56146983152
56242059053
56988094912
57412783745
57705902706
58348399197
58665062471
58853298870
5887853006
58952198911
59088776902
59351402622
59467667211
59726668880
59834989783
5993929890
60352396640
61121676494
61301082927
61543780523
61607414100
61634362493
61790059883
62078924513
62460429021
6246494961
62528576336
62883666098
63269803103
63430660906
63486892513
63501879273
63716632107
63738450226
63866200779
64421250379
64471639246
64670986282
64925356059
65082469863
65105048016
65509301506
65864205094
6597794261
6604334460
66138346225
66388450711
66939322042
6704185626
67173184991
67189565340
67211827964
67265221655
67379169419
67892175767
67953251098
68290198375
68741774596
6887741327
6913870309
6925689411
6926502240
69431263168
69737662362
70360289983
70452073455
70622959712
70700057081
70745372433
71074634083
71438618056
71564362139
72084324372
72123530762
72198812713
72302623242
72747643540
72875238971
72964457751
72998183646
73207922058
73670223452
73769599003
74277703328
75116983549
76029476741
76059838666
76322111632
77362871521
77537017173
78141435281
78351221660
80082651628
80119059039
80534068139
81180251393
82194482652
82493874506
82833762657
83268942235
14724453901
24245336111
2759306415
4175741814
4401032069
50002145817
50042520335
50224210764
50265735011
50911032620
51055786144
51095235492
51095546472
51112227188
51970142794
52006166426
52168509817
52225797690
53053680996
53158938001
5345343020
54527559480
54603456702
55181791231
55454685806
55597160887
55760193917
56376076324
57013579816
57320839562
5761209428
5761623242
57705902706
58778239440
58952198911
59391751770
59765103830
5991824694
60065064874
60352396640
60691523564
6077517173
61476962911
61872845543
61969695040
62078924513
62459883092
6246494961
62855821749
6315646130
63216943986
63403561319
63716632107
63847430693
64559094793
64599022443
6474435493
64814618926
65096808539
65161710336
6631695253
66478369926
6649305421
66781187243
66846639707
67189565340
67198009423
67211836630
67281329478
67367039316
67471561749
67492718012
67887013655
67959867262
68014602215
68627702688
6887741327
69039028351
6936120698
69502840437
69536496004
69715034123
69737662362
69992345167
7014332763
7019132681
70360289983
70385729867
70809702100
70944371193
71249302543
71262960451
71554283626
71564362139
71767376341
71795936766
71962028314
72123530762
72302623242
72305177031
72458971808
72679294163
72783224986
72998183646
73200502609
73359843603
73954427080
74046471157
74865577392
74868165162
75090510867
75116983549
75166120363
75361279256
75852412513
76017062371
77101249516
77362871521
77537017173
77982840299
78174854084
78284667334
78459862018
78769953259
78811352074
78891212640
78978151584
79167890351
79791506210
79791861222
80119059039
80210522137
80574217152
80942512816
82135059513
82194482652
82493874506
83268938034
84989590300
24245336111
3077421339
3455299108
3721864352
4300825860
4401032069
4407154680
4443129480
50014114471
50084540888
50378671379
50462352025
50867083403
51095235492
51112227188
51590576450
51853290985
52151028147
52343141351
52409206430
52719918408
53132302063
5345343020
5372194025
5437837227
5448147447
54642902826
54662004213
54778621966
55164137922
55255459150
5530277471
56308445007
58119586233
5818254969
58308543303
58536848848
5859670551
58612263100
58936306000
58952198911
59030690427
5945532113
59555576436
59726668880
59765103830
59878799891
60423958278
60473761807
60515610581
6065686266
61121676494
61235381982
61285628572
61428848465
61450499196
61476962911
61485312557
61543780523
61652209739
61969695040
6246494961
62741015171
63216943986
63534755530
63677152831
63716632107
63849915052
63866200779
64202127756
64276221859
6433515727
64421250379
64436593713
64525962591
64599022443
64689624277
64814618926
64971835380
65298388462
66405453369
6649305421
66694913768
66781187243
66846639707
66939322042
67211836630
67212829560
67281329478
67807428505
67925729953
67932765687
6821359846
6846294673
68490696499
6865773224
68793291167
69199267685
69502840437
69737662362
69960100986
70070589816
70172035368
70190659784
70360289983
70385729867
71114655897
71193907197
71262960451
71438618056
71665921004
71999720467
72084324372
72468728809
72667864589
72679294163
72783224986
73002561423
73272019126
73394001179
73560225381
73941079781
73948252862
73976096845
74001415981
74108643012
74865577392
74868165162
74882670146
74994200527
75079838692
75116983549
76078835356
76880974207
77210656314
77362871521
77537017173
78755840299
78795833210
78955357951
79923621220
80082651628
80119059039
80181180598
81343680325
82135059513
82194482652
84989590300
15022465107
24245336111
2760944654
3103575144
3944311617
4407154680
50043133324
50224210764
50230595714
51095235492
52631374635
52720436168
53101624925
53295115745
5345343020
53975514464
54002007153
5416997325
54662004213
55760193917
56146983152
56242059053
56988094912
57412783745
57705902706
58348399197
58665062471
58853298870
5887853006
58952198911
59088776902
59351402622
59467667211
59726668880
59834989783
5993929890
60352396640
61121676494
61301082927
61543780523
61607414100
61634362493
61790059883
62078924513
62460429021
6246494961
62528576336
62883666098
63269803103
63430660906
63486892513
63501879273
63716632107
63738450226
63866200779
64421250379
64471639246
64670986282
64925356059
65082469863
65105048016
65509301506
65864205094
6597794261
6604334460
66138346225
66388450711
66939322042
6704185626
67173184991
67189565340
67211827964
67265221655
67379169419
67892175767
67953251098
68290198375
68741774596
6887741327
6913870309
6925689411
6926502240
69431263168
69737662362
70360289983
70452073455
70622959712
70700057081
70745372433
71074634083
71438618056
71564362139
72084324372
72123530762
72198812713
72302623242
72747643540
72875238971
72964457751
72998183646
73207922058
73670223452
73769599003
74277703328
75116983549
76029476741
76059838666
76322111632
77362871521
77537017173
78141435281
78351221660
80082651628
80119059039
80534068139
81180251393
82194482652
82493874506
82833762657
83268942235
24245336111
3546783726
3943303207
4401032069
4407154680
4434265595
50224210764
51095235492
51274283848
51559290557
51570334683
51871916500
51970142794
52089563941
52205889913
52720436168
53056494412
53975514464
54797945977
5507853698
55181791231
5537658326
56814638342
5734504677
57412783745
5761209428
58612263100
58952198911
5950131817
59726668880
59834989783
60074884280
60109386987
6110450915
61121676494
61285628572
61428848465
62078924513
6241983719
6244067225
62546086380
62845823739
62855821749
62952410313
63386062107
63486892513
63847430693
63899487157
64884805493
65509301506
6592552950
65929574564
6604334460
66386660204
66694913768
67198009423
67211827964
67639295517
6764994006
67887013655
68550719261
68741774596
6887741327
69082146561
6925579471
6925689411
6933846666
69536496004
69737662362
6979016402
6984406354
70070589816
70385729867
70409620311
70745372433
70826387015
71193907197
71205661932
71249302543
71662524696
71854854444
71875613186
72123530762
72302623242
72655385165
72679294163
72733064732
72783224986
72923389812
72977011587
73089765324
73152144054
73340176817
73372321324
73515841943
73613231811
73769599003
73883265755
74616930807
74865577392
74868165162
74990326892
75116983549
75582717967
76078835356
76880974207
77667991534
77869301454
78184455814
78795833210
79282757986
79527177832
79937843401
81384488924
81698714811
82135277896
82194482652
83561499880
84644167670
84989590300
10679838745
2751433839
3140847470
3167051012
3485739182
3758480584
4056911501
4214827875
4664836596
4677699328
4767862029
50230595714
51095235492
51570334683
51748478116
52110369636
52567264621
52631374635
53056494412
53137687130
53394315134
54797945977
5484672184
55164137922
57412783745
5772287956
58529799656
58612263100
58952198911
59406158702
5950131817
6016536467
60287350555
60515610581
61121676494
61195165993
61610540972
61614702414
61872845543
62078924513
62302302610
62845823739
62952410313
63216943986
63452271856
63472255564
63486892513
63677152831
64096379706
64615920656
64779026853
65019403948
65070926308
65499317600
66287975765
67211827964
67887013655
67932765687
67953251098
68023281535
68226488397
68602040260
6865773224
6879198984
6894609747
6905649706
69082146561
6925689411
69536496004
69737662362
70079738148
70360289983
70385729867
72123530762
72165321858
72679294163
72783224986
73221321729
73624475838
74423638583
74865577392
74868165162
75111028902
75116983549
75948701571
76078835356
76081309194
76710364289
77210656314
77371457660
77413660133
78795833210
78811352074
79089416922
79527177832
79923621220
79984131772
80119059039
81019398966
81199990834
81222080527
81441077671
82194482652
82233460441
82501662779
83561499880
84644167670
21450217955
2751433839
3485739182
4401032069
4748657042
50285797599
51015963584
51112227188
51668135121
5213838112
52242895503
52306396897
52429220517
52592820093
53056494412
53292861801
53301196266
53660047008
54002007153
54359314455
54778621966
54797945977
5536533958
55760990784
5761209428
58196042052
58767341363
59467667211
5950131817
59697919472
59726668880
60039036792
60515610581
61121676494
61695201117
6178922611
61969695040
61988940322
62078924513
62127762648
62167501197
6229861801
62424711881
62455736227
62551685808
62751872456
63159635478
63216943986
63386062107
63470918006
63474896000
63866200779
63899487157
64667987510
65513944467
65549200104
6638634978
67089086153
67211827964
67400427646
68250038425
6865773224
6879450772
6886776520
69019009738
69040097782
6905649706
69082146561
69176951827
69195837060
6925689411
69615703871
69695552295
6973180721
6984406354
70070589816
70079738148
70360289983
70385729867
70745372433
70852075006
71711806399
71901992897
72123530762
72165321858
72667864589
72679294163
72696645541
72759340454
72783224986
72919324365
73286231468
73551744203
73858053667
73887110775
74116633027
74277703328
74431616503
74664884981
74865577392
75039215779
75856996214
75948701571
76081309194
76888507568
77371457660
77529208332
77866055554
77988367433
81157602271
81499691285
81501556992
82192779613
82194482652
82233460441
83506957058
2751433839
3059063522
3077421339
4025183485
4264376531
4767862029
50036522509
50224210764
50260271299
51095235492
51160497626
51196963224
51570334683
51898633656
52112260681
52150388835
52567820265
52672082017
53394315134
53660047008
5383143192
53958070613
54002007153
54261690104
54778621966
5484837204
5577050366
56452881120
56939335945
5753779252
5768104188
58959266085
5950131817
59595527388
59633458449
59697919472
59726668880
59909741566
60011117554
6024955672
61121676494
61969695040
62078924513
62302302610
62913528585
62952410313
63227682863
63273318360
6341087270
63452271856
63591804208
64241808683
6427401449
64340394150
64530327383
65549200104
65698084853
6631695253
6649305421
67024298649
67400427646
67773411283
67932765687
68499378783
69176951827
69695552295
70079738148
70360289983
70385729867
70462206083
70745372433
71394296404
71470879927
71540863860
71590064117
71763314422
72096528799
72369571406
72679294163
72783224986
73017737008
73903128093
74277703328
74608360230
74813183779
74865577392
74868165162
75036339676
75050160492
75948701571
76574714065
76880974207
77371457660
77988367433
78112335116
78178381177
78795833210
79923621220
81157602271
81330426032
81480759561
81499691285
81503711232
82135277896
82194482652
82233460441
83466349477
83537598014
84182756189
3140847470
3676319304
4265901452
4591805727
4767862029
4913088084
50036522509
50051905287
50285797599
50793615859
51095235492
51570334683
51598396768
52269331780
52577182629
52640061436
52691793656
53295115745
53660047008
54797945977
55482801309
56939335945
58529799656
5853567722
58693745498
58895393487
58959266085
58960025024
59012325623
59322379637
59726668880
61121676494
61269718737
61579379267
61607414100
61969695040
62002814478
62302302610
62369673762
62420651345
63229595559
63265528638
6341087270
63472255564
6353640762
64340394150
64721391596
65444433954
65729499168
6599612352
66323512204
6676103542
67025473424
67290900685
67551268522
67883312627
68181429208
68229931717
6825484618
68499641462
68634993657
6865773224
68707070060
69176951827
69240975295
6925689411
6945632362
69536496004
69539754243
69685563457
70079738148
70092946203
70360289983
70385729867
70536112270
70550240614
70944371193
71045429054
71564167235
71768407654
71875929235
71901992897
72187663419
72301987875
72679294163
72772552272
72783224986
73711479050
73885023653
73888370848
73974715621
74102596340
74865577392
74868165162
75039953424
76563618862
76673080765
77210656314
77220313853
77705185509
77964014420
78112335116
78284667334
78448164883
78795833210
79921178033
80184107251
80789570553
81699652014
81903280708
82135277896
19859724046
20381366206
3195445779
3341306514
3748858159
4434265595
4505162937
50036522509
50278623097
50494901793
50568016208
51095235492
51676704752
51690322319
52533715419
52866758277
53025639093
53056494412
53611049664
5411268621
55755652031
56062588961
56443710442
5734841938
5792751074
5802736970
58195327174
58693745498
58959266085
58985122588
59195079372
59697919472
59726668880
60170999530
6033233046
60691944010
60878855596
61121676494
61966724244
61969695040
62890449045
6295711896
62967462543
63386062107
63885027079
6433515727
64340394150
64530327383
6474435493
65193839668
65729499168
66323512204
66460688719
66596916586
67211836630
67293053169
67377240228
67512564543
67697684763
6775525203
67883312627
67931836337
67932765687
68194674380
68259831445
68450640318
68499378783
68546891206
69176951827
69195837060
6925689411
69883986288
7014332763
70165677021
70360289983
70385729867
71396442396
71767376341
71895823304
72187663419
72581607986
72581621900
72679294163
72783224986
73238865198
74102596340
74116633027
74275816598
74564632631
74616930807
74865577392
74868165162
75923043714
75948701571
76099629917
76673080765
77007885800
77210656314
77674099577
78112335116
78891212640
79572192246
79719988994
79921178033
80119082929
80536068304
80789570553
81157602271
81180251393
81351589340
81399600483
81503711232
81659767042
82194482652
82233460441
85046379711
3721864352
4238655291
4245927903
4377281913
50080767248
50840064066
51015963584
51095235492
51112227188
51288554364
51720798751
52645331591
53056494412
53132302063
5433813049
54778621966
55043917989
55760193917
5677002086
57843823757
58014050030
58195327174
58693745498
58729311913
58832997329
58959266085
60109386987
60142186168
60893483490
61121676494
62021412708
6229861801
63034010906
6315646130
63318502367
63474896000
64404322488
64531164062
65729499168
66386660204
66478369926
6675986731
67006135867
67024298649
67025473424
67142448882
67211827964
6732592645
67337929030
67439947006
67483389506
6778980963
68123379794
68248922877
6832369935
68406355570
6846294673
68546891206
6886874552
69195837060
6925689411
69536496004
69685563457
70385729867
70590763248
70622959712
70852075006
70884667592
71141690969
71292929957
71374991486
72167748278
72679294163
72783224986
72895045303
72981016963
73317479422
74022173328
74116633027
74431616503
74608360230
74865577392
75628990734
75919434909
75948701571
76175752942
76712668894
76938970160
76995207472
77076306832
79527177832
79921178033
80119059039
80162093232
80534068139
80789570553
81020594386
81501556992
81503711232
82170200040
82194482652
82226085724
82523801212
83095836781
22282684633
2422511980
2727393082
3508593276
3508883150
4056911501
4245927903
50227311263
50285797599
51095235492
51817641015
51970142794
52063949624
52274503869
53056712946
53138409871
53375974191
53448314501
53877585390
54241346916
5433813049
5450174885
55036825368
55284245551
55457136068
55760193917
56062588961
56644789140
5834377272
58821057478
58959266085
59284422429
59596723530
59726668880
5982330411
60018788872
60039036792
6041843011
60506245240
6105681968
61245752285
61945328232
62078924513
62455228714
62600401681
63270910166
63452271856
63653097657
63683371236
63898150947
64404322488
64530327383
6474435493
66478369926
6662608486
66836540159
67024298649
67025473424
67211827964
67379956627
67604199693
67697684763
67773131938
68008387325
6846294673
68499378783
68545737022
69049026378
69195837060
69238254121
6925689411
69536496004
69685563457
69841541946
70360289983
70462206083
70590292685
70633709196
70809702100
70852075006
71663897266
72279367765
72679294163
73102465469
73108190064
73317479422
73397554177
73823165929
74116633027
74416152019
74423638583
74865577392
76348157444
76611764952
76898505457
77998251977
78677059272
78795833210
79128441725
79921178033
80119059039
81903280708
82170200040
82194482652
85046379711
22282684633
2725732779
3663338443
4734844026
51095235492
51690322319
52172066627
53292861801
53295115745
53628112272
54536250512
55276858349
55760193917
55998374455
57785434469
58279853216
58521478601
58665062471
58959266085
59726668880
60109386987
60691523564
61245752285
61593920165
62956942712
63030359003
63452271856
63898150947
64400926661
64471016006
65413856483
65444433954
65543014554
6718184666
67225789570
67289070019
67621565362
68232075953
68248922877
68701743687
68707070060
68793149312
6912956825
69248675065
6925689411
69358860299
6967151530
70271698043
70389470925
70591063085
71292929957
71396097398
71664747613
71767376341
72458537809
72755314362
73560225381
73883265755
73968318516
74098387849
74472191325
75950448709
76348157444
76460718202
76611764952
77008592015
77017927942
77210656314
78024522625
78295442822
78504292456
78795833210
78902185392
79299138243
79921178033
79960118766
80119059039
82587487369
22282684633
3307469201
3721864352
4056544035
4239024648
50043730104
50051905287
50285797599
50445179750
50999196842
51015963584
51095235492
51672026915
52238584775
52592820093
52748140473
53628112272
54002007153
54396082102
5450174885
54576208506
5577050366
56749254995
56835782939
57435119277
5802736970
58243923975
58255385887
5856627767
58960025024
59102388794
5938555342
59983685092
6033233046
6046056804
60465276205
6106426108
61121676494
61399613364
6147438708
61570153374
61607414100
6181619343
61890118747
6311756702
63270910166
63332457724
63333977053
63452271856
6349296347
6423763828
64797730246
64984766006
65193839668
6635736276
66478369926
66939322042
67024298649
67025473424
6706679762
67400427646
67480777315
67548286657
67604199693
67842263974
68200106944
68353392316
69081187577
6925689411
6945632362
6968382796
6975800262
69841541946
69894739201
70245728591
70385729867
70590763248
71318186516
72679294163
72783224986
73317479422
73790842053
73889424188
73965264293
74102596340
74399326594
74447693709
74865577392
74868165162
75116983549
75207309166
75208095201
75208133127
75289272416
75341423265
76059838666
76412761806
76597588487
77210656314
77869301454
78795833210
79335971692
79719988994
80119059039
80789570553
81180251393
82135773735
83738820691
13781718552
21991038028
22282684633
3130697565
3577749124
4401385733
4407154680
4476952392
50808325048
51015963584
51095235492
51112227188
51590576450
52890491313
53132302063
53295115745
53324103362
53356051790
53479004683
53904841067
5450174885
5491387114
55719832002
5753434893
58693745498
5938555342
59591486727
6024955672
6046056804
6061665489
60878855596
6105681968
61121676494
61570153374
61579379267
62731673757
64001412815
64548805823
64806329853
64984766006
65540425500
66051194627
66188535368
6636005277
66476793216
66939322042
67292597724
67447308004
67480777315
67483389506
67546798885
67604199693
68052527681
68077802598
68353392316
68396254187
68499771107
68612420849
69037290214
69040097782
6925689411
69535970376
69623318965
69890238351
70385729867
71137791070
71331753673
71471020170
71664747613
71742265087
72055285082
72070788702
72679294163
72771890582
72783224986
73188460038
73210337769
73222572807
73232338228
73593967535
73695143407
73704052229
73847188750
73940059324
74102596340
74399326594
74865577392
74868165162
75341423265
75710508903
75819363768
76190865081
76206787488
76208984738
76460718202
77008592015
77204501212
77211644862
77519542907
78006096557
78024522625
78770457463
80394953087
81330417196
82587487369
83095836781
3721864352
4103832551
4239024648
4377281913
4591805727
4913088084
50084540888
50090345016
51015963584
51054795048
51095235492
51475274092
51690322319
52667577946
52871180449
53356051790
54797945977
56068323505
5753434893
58358726013
58546347344
58693745498
58724564333
58959266085
60019304221
6019410357
6027579546
60691944010
61301082927
61382416990
61570153374
61634362493
61872845543
62125431249
62994981164
63034010906
63730032621
64436593713
64530327383
64782388694
65082469863
65096808539
65540425500
6632475325
66750607951
66939322042
67205903196
67483389506
67512564543
67604199693
68123379794
68238541186
68529690027
69081187577
6925689411
69531321373
6975800262
69977538540
7006647627
7014332763
70385729867
71377808123
71471020170
71507847279
71664747613
72679294163
72783224986
72801262374
72998183646
73596049894
73887110775
73940059324
73947143837
74267006345
74472191325
74578057418
74761737634
74865577392
74868165162
75090217012
75123721255
75710438316
76460718202
77007885800
77184922702
78770457463
78770627955
79526117757
80789570553
82592749846
83552668294
3240819156
4056911501
4453225165
50061287754
50703781984
51095235492
51160573244
51202100156
51690322319
53144550552
53553207025
53628112272
53869225744
5450174885
55592812931
58693745498
58895393487
5977249485
59989163284
6028969308
61490614382
63312139513
63472255564
64539297447
6457850198
65082469863
65096808539
65540425500
6566703952
65727192529
66412854950
67024298649
67204258239
67211827964
67421720562
67476048434
67604199693
67622184296
67926642977
67959455423
68123379794
68148130496
68273419137
69049026378
69345240287
6946693172
6946759369
69632373135
70385729867
70633709196
71397190218
72998183646
73221321729
73317479422
73557578039
73886999522
74578057418
74865577392
74866133112
74868165162
75216980358
75629820349
76208984738
76219034436
77220313853
78487303948
78761414417
79526117757
79527177832
80119059039
81321171376
82610002747
83552668294
84113881179
24809099041
25679115365
3468597756
3721864352
4239024648
51015963584
51670807734
51690322319
51772347825
52590227790
52715645831
54642902826
55630827523
58619381124
58980264464
60064141574
60109386987
61279755935
62349716063
62600401681
6264649967
63219492596
64205281834
64866508747
64984766006
65082469863
65096808539
6520523115
65540425500
65763950475
6668193896
6716501563
67220939396
6727146811
67292597724
67546798885
67604199693
67926642977
68416092429
6846294673
68716724011
68848111292
6918771962
6938893802
6946693172
69632373135
69744363138
69765684466
6983460433
69892708554
70249026787
70439531555
72055285082
72259023672
72458971808
72679294163
72852676479
72998183646
73847188750
73934551432
74073250900
74096095669
74166792022
74206144816
74393789723
75204501583
75323496495
75705946576
76206787488
76460718202
77210656314
77358749739
77983591544
78024522625
78761787996
78788086367
79596078244
79982482230
80082651628
80119059039
82481247948
83552668294
83734855882
25679115365
3122330984
3468597756
3856616481
3944311617
4407154680
4505306675
50053832950
50061287754
50062906668
50444129985
50720084880
51015963584
51095235492
51690322319
52110369636
52343141351
52590227790
52715645831
52765276061
55400890600
55768399760
56260723972
5802736970
58492854755
5852317833
58693745498
58848429007
59409399569
60091732267
60691944010
61121676494
61570153374
62329352790
62349716063
62470368899
6264649967
63055066759
6311018840
63312139513
63353947953
63386062107
64193533254
6489228134
65082469863
65161710336
65231910524
65540425500
65649478875
67189565340
6727146811
67377240228
67398995061
67476048434
67771720063
67926642977
68183570690
68416092429
6893273901
69040097782
6925689411
6946693172
70375615912
70385729867
70462498919
70467740747
71137791070
71138537698
71645859623
71758416251
72253454150
72595191958
72679294163
73205970328
73735109380
73994914664
74010407379
74070158503
74206144816
74428653791
74865577392
74868165162
75452845424
75871540951
75948701571
76206787488
76460718202
76583764983
76769125247
77073430511
77210656314
77220313853
78197130069
78716771105
78770457463
80119059039
80561043133
81470607274
83552668294
23066589772
3312895799
3721864352
4003501538
4235294708
4484090632
4505306675
50024998283
50053832950
50243370009
50720084880
51015963584
51095235492
52343141351
52489273973
53216356719
54002007153
54939613589
5574800021
56717159668
5750141342
5754681496
58196042052
58243923975
5852317833
58567396552
59225503128
60109126716
6024955672
60487717583
60572257880
61109175882
61121676494
62271324873
62302302610
62329352790
62349716063
6295711896
62979505690
63055066759
6315646130
63733884899
6457850198
64899500211
6693392390
67006135867
6727308052
67398995061
67548286657
67926642977
68123379794
68415483769
68545737022
6869973462
6894609747
69173806548
6925689411
6926502240
70278687733
70385729867
71249302543
71922258191
72339739518
72679294163
72783224986
72998183646
73267326180
73317479422
73319726701
73399184620
73471687484
73670956865
73994914664
74399326594
74865577392
74868165162
74974257289
75710508903
76057307894
76081309194
76880974207
77052149153
77210656314
77392515782
78024522625
78459862018
78511555286
78761414417
78793308477
79719988994
80119059039
80181180598
82234333075
82813284221
83095836781
15037070964
15842578434
3654111346
3721864352
4123730834
4505162937
50025319280
50041643933
50053832950
50217112732
50720084880
51000901170
51015963584
51548892830
51916977811
52409206430
52429220517
52489273973
52497033688
52510232442
52765276061
52883254347
5391800729
54443782896
5448147447
57500721190
58007735107
58196042052
5870734316
59139387426
5977249485
59869299139
6001849497
60109386987
60495644630
60572257880
60622447218
60691944010
61121676494
61243805392
62302302610
62349716063
62470368899
62979505690
63055066759
63340988841
63390181095
65083855099
65540425500
65683620942
6571582506
66311793969
66317205345
66939322042
67189565340
67198009423
67317681415
67398995061
67512564543
6764994006
67926642977
68300856997
68305958520
68416092429
68514831773
69176951827
6925689411
6929375616
70354860702
72297363215
72328887110
72524484952
72609355187
72780337917
72817848705
73062251607
73317479422
73749035683
73847188750
73884053052
73888370848
73994914664
74575320260
75357521178
76333149056
76484852160
77043321565
77203824841
77220313853
77958809768
78459862018
78487303948
78788086367
79527177832
79572192246
81179047240
81215065954
81441077671
81903280708
81935313555
1933847969
22282684633
3307469201
3521245942
3721864352
4003501538
4056544035
50053832950
50243370009
50720084880
50792189267
51015963584
51560233658
51690322319
51853282273
52149082821
52508322295
52510232442
52567264621
53295115745
53628112272
54972240480
58196042052
58516847023
59139387426
59483166968
5977249485
6001849497
61611938570
61952515285
62349716063
6315646130
6493821936
65540425500
65611632753
66088661087
67198009423
67798299485
68023281535
68191493718
68416092429
6879450772
69176951827
70079540489
70536112270
71763803123
72195267586
73238785558
73317479422
73798969716
74180714924
74888123930
76413869247
76440821511
76769125247
77203824841
77220313853
78487303948
79108575715
79974736033
81306960426
81429799711
82813284221
84989590300
14828500608
15987479520
22282684633
3058811080
3822212934
4806388752
50053832950
50459582537
50720084880
51015963584
51095235492
51180842613
51690322319
5213838112
52489273973
53144550552
53877585390
53966401833
55592812931
55760193917
58611976827
60465276205
60935684145
61121676494
6146376232
6167157767
62774867286
62855821749
62979505690
63055066759
63339463970
63490809006
64193533254
64615669736
64883978705
6496103207
6571582506
6573833521
66478369926
67177716841
67198009423
67480138186
67542045853
67561853587
67965557063
68123379794
68161167035
69608073582
70385729867
70438999951
70819996830
71268311336
71370214292
71901787503
72351712137
72679294163
72783224986
72998183646
73315820339
73503122968
73515126669
73749035683
73823165929
74357431624
74865577392
74868165162
76210110936
76769125247
77203824841
77220313853
77673328594
78487303948
78784595493
79527177832
79721976844
81817522602
82170200040
82234333075
84989590300
1372196506
14670697639
15842578434
15987479520
1872058979
19159291017
2727393082
3058811080
3077421339
3151502154
3312895799
4003501538
4377281913
50053832950
51015963584
51095235492
51402938899
52146935283
52367577288
52510232442
52720139295
54697098593
55710732339
55773307979
56062588961
56709176844
56946603557
57289738176
58348399197
58872328157
59185722244
6088694862
60935684145
61121676494
6187567042
6246494961
62855821749
63087660766
63100469996
63270314206
64637127215
64812768053
64883978705
64884805493
64899500211
6597794261
6676352650
67024298649
67198009423
67480138186
6752118009
6778047426
68263783925
68336159222
6887193876
6919229596
69207595074
6969570348
6980421870
70700252639
71403955151
71404060692
71409904740
71931452636
72055285082
72161345850
72279367765
72524484952
72609355187
72615195232
72679294163
72783224986
72852676479
72964457751
73064848320
73186365483
73206320776
73317479422
73503122968
73560225381
73673470689
73695143407
73704052229
73847188750
74472191325
74865577392
74868165162
76059838666
77172410007
77220313853
78784595493
79527177832
80789570553
81759191913
82170200040
84989590300
15842578434
24245336111
3058811080
3400397432
3721864352
4003501538
4175819527
4492956276
50053832950
51015963584
51095235492
51725747581
5179425694
51890665491
52409206430
52510232442
52593589879
52715645831
53350163330
53394315134
53975514464
5416997325
55142334635
55834152870
56770466685
56995199574
5750141342
57921368540
58348399197
5960516759
59659369989
60091732267
6187567042
61978595976
6246494961
63100469996
64883978705
66188535368
66478369926
66908157261
67024298649
67088679141
67189565340
67198009423
6752118009
67572308903
67775512629
67860463275
68733905670
6879198984
68960258941
69307211959
69374221789
69536093880
6973180721
70441370734
70584619091
70819996830
72360979234
72727052226
73064848320
73221321729
73317479422
73595326857
73603056403
75204501583
75457911447
76210110936
76711377675
77823561167
78349633653
79527177832
79721976844
81659786654
81759191913
82813284221
20896494526
24245336111
3002943576
3504793270
4238655291
4486365641
4492956276
50237815547
50852465629
51095235492
51111233961
5179425694
52429220517
53053336444
53095215065
53295115745
53975514464
55701377847
55760193917
56035258199
57412783745
57776020789
58544139678
58702827620
5960516759
59616365585
60027276929
6016536467
6077517173
61121676494
61528433630
61611938570
6187567042
62855821749
63378008351
63452271856
64436593713
64812768053
65497350233
66908157261
67024298649
67088679141
67189565340
67198009423
67290365936
67377825089
67572308903
67781373880
68200106944
68328170925
68529690027
68609257840
69536093880
71403955151
71404060692
71409904740
72679294163
72783224986
74349997198
74868165162
75074486787
75166561707
75705946576
76210110936
76711377675
77192765973
77220313853
77371457660
78141435281
78716771105
79069924062
80333396271
81903280708
82312056618
82485538824
14975062638
1933847969
3002943576
3721864352
51668135121
5179425694
51893556783
52343141351
52410229116
52510232442
52715645831
52783732785
53198245221
53295115745
53690999196
53975514464
54734529975
55760193917
56062588961
58255385887
59027609911
5960516759
5972795201
60078360459
60634128607
60893483490
60942319962
61121676494
61528433630
61562416702
63855617397
66277119803
67115262008
67198009423
67286239287
67287193499
67300774235
67572308903
67698459031
68123379794
6867410730
69841541946
70819996830
70961139459
72055285082
72524484952
72609355187
72852676479
73186365483
73188460038
73232338228
73563613863
73593967535
73673470689
73695143407
73704052229
73967032603
74116633027
75166561707
75710508903
76709552346
77192765973
77220313853
77371457660
78511555286
78738380012
79069924062
79784969463
79877483294
80566954366
81759191913
82066714297
82310934597
82631818376
14975062638
1933847969
3002943576
3721864352
51668135121
5179425694
51893556783
52343141351
52410229116
52510232442
52715645831
52783732785
53198245221
53295115745
53690999196
53975514464
54734529975
55760193917
56062588961
58255385887
59027609911
5960516759
5972795201
60078360459
60634128607
60893483490
60942319962
61121676494
61528433630
61562416702
63855617397
66277119803
67115262008
67198009423
67286239287
67287193499
67300774235
67572308903
67698459031
68123379794
6867410730
69841541946
70819996830
70961139459
72055285082
72524484952
72609355187
72852676479
73186365483
73188460038
73232338228
73563613863
73593967535
73673470689
73695143407
73704052229
73967032603
74116633027
75166561707
75710508903
76709552346
77192765973
77220313853
77371457660
78511555286
78738380012
79069924062
79784969463
79877483294
80566954366
81759191913
82066714297
82310934597
82631818376
2928880786
4241050735
50025817786
50091748037
51559263029
5179425694
51941121845
52672082017
52695444435
53053336444
53438664501
53628112272
5416997325
5426058788
55161441523
55760193917
57412783745
57705902706
58195327174
58491210593
58518108925
5874784307
5960516759
59879647492
60487717583
61562416702
61762073793
63055066759
63452271856
63670770628
64815709067
64984766006
65329485701
65559642865
65988189178
66544101154
66694913768
6701838073
67024298649
67289070019
67302006522
67378897815
67639295517
67698459031
67760308450
68200106944
68248922877
68277363028
68960258941
6912956825
6926502240
6938893802
69536093880
6962194325
6978691593
69819358699
69850520233
6987385405
69881776543
6996316686
69970906486
70706877041
70819996830
71292929957
71767376341
72055285082
72339739518
72457776511
72461125199
72477692139
72478474176
72478483585
73489287253
73704052229
73847188750
74116633027
74298938651
74476802045
74530823603
74539558703
74546798332
74587938917
74826035972
74868165162
75090355119
75166561707
75226938341
76059838666
76327511996
76709552346
76719614032
77220313853
77371457660
77682729132
79285211535
79527177832
80104459167
80157564930
80561191305
81759191913
82135410819
82813284221
15441430787
15987479520
24099744124
2928880786
4401385733
50043133324
51095235492
51196884473
51306870643
51870686070
52029207654
52255491784
52410229116
52748140473
52810386089
5522234039
56376076324
57550816570
57705902706
5793847659
5808058748
58195327174
5889718937
5972795201
59756527176
6211745896
62455228714
62551685808
63350399484
6345857213
63666647269
63744783616
64229515494
64308390295
64884805493
65285462142
66088444176
66455451409
66544101154
6676689971
6696314866
67024298649
6704298885
67260106422
67639295517
67681636735
67887013655
68248922877
68328204183
68333177012
6901141443
69605878910
69979853288
70385729867
70834537470
70961139459
71196471253
71767376341
71931038593
72096528799
72679294163
72752518515
72783224986
72852676479
73317479422
73551744203
73581433980
73633473833
73650193840
74116633027
74664884981
74760021404
74826035972
74868165162
75116983549
75166561707
75475243343
76059838666
76346738041
77371457660
78511555286
78939602504
79315477987
80119059039
80521179733
81330775628
81903280708
82998924367
83687598747
84205646174
3090078064
3721864352
4401385733
50043133324
50091748037
51725747581
52232813210
52651365397
52653916167
52866758277
53295115745
5345343020
54574000326
54631887151
54778621966
55602211122
57412783745
5750141342
57705902706
58697176745
5891780181
59091192551
59139908932
6016536467
60351132023
61087702768
6110450915
61109175882
6211745896
62706852586
63924195343
64193533254
6423763828
64813524224
64884805493
65096808539
6541106905
66429551193
66544101154
6676689971
66851566841
67198009423
67288375111
67460850441
68181429208
68248922877
68537477162
68795862227
6919667856
70746455384
71196471253
71292929957
71370214292
71601912649
71901992897
72024882352
72814033644
73443690739
73503122968
73650193840
74116633027
74664884981
75116983549
75319708044
76346738041
77371457660
77713391798
80104459167
80119059039
80346206102
82135236625
82135410819
84693452063
13604047439
2792527269
3721864352
51601264289
52428104428
53053336444
53454420633
54631887151
5484672184
57185458277
5825960781
58567396552
5891780181
59185722244
59325291875
6093608053
6226417762
62375696524
62912120892
63666647269
6387895283
63892200932
64922184774
65096808539
65458725785
6556122677
66588000322
67189565340
67698459031
67844459709
68123379794
68248922877
68259831445
68545737022
68829283895
6887904251
6926502240
70079540489
70697756338
70834537470
71228131994
71938296808
72339739518
72667864589
72875238971
73186365483
73188460038
73232338228
73457758615
73464411735
73496537998
73517987073
73673470689
73695143407
73704052229
73847188750
74298938651
74357431624
74443531344
74444857233
74826035972
75116983549
75809205829
77371457660
77649074557
78753203460
78805791436
80119059039
80167876431
81699652014
15703735138
15987479520
3948684505
50237815547
50666336566
51725747581
52029207654
52089563941
52343141351
52720436168
52782399059
52852728662
53053336444
53053931644
54631887151
54642902826
5577050366
57412783745
57705902706
58749927853
61056107766
62976286231
63037937419
6353640762
64876556245
65096808539
65285462142
65445744466
6556122677
65988189178
66429551193
67028670296
67260106422
67851889440
67960596952
68054011385
6879198984
68815278624
6894609747
6919667856
70201488511
70810686035
71228131994
71931038593
73515841943
74357431624
75116983549
75185365340
75358337962
75809205829
76058063397
76346738041
76609781487
77101249516
77371457660
77521913770
77682729132
78767723550
78955357951
80740145697
81831601495
23971312215
24099744124
2729380937
3114812699
3721864352
4199147909
51601264289
52029207654
52551610447
52567264621
53628112272
53676622477
54631887151
5729633936
57555549934
57705902706
59581999541
60065064874
6008752010
61579379267
61840322394
6224645511
62455228714
62572803734
62711069150
63831251160
65720706059
65967086136
65988189178
66429551193
66694913768
67198009423
67289070019
67552363253
67931697152
68123379794
68225850446
68623608496
69605878910
70201488511
70970854456
71292929957
73464411735
73515126669
73557578039
74449898648
75364923574
75809205829
77371457660
77413660133
78470260200
78738380012
78742080396
80342713860
81280496286
81831601495
82631818376
83734855882
8419258461
15987479520
24795464607
3769598918
4241050735
4983314259
51834871411
52255491784
5450174885
5455781484
5489821381
54972240480
55181791231
56664991825
57320839562
57403540143
58301825841
58622096584
5874784307
58952198911
59691630627
61056107766
62455228714
62845823739
63037937419
63314518681
6353640762
6363242751
63831251160
64308390295
6487138618
64884805493
65206218184
65445744466
65647572885
65988189178
6636810540
66429551193
6709633746
67260106422
67325772179
67476048434
67862444188
67940594118
67975984178
68545737022
68624799098
6879222780
68916094817
69040097782
69744363138
70201488511
70975265019
71713873617
71796226325
72457776511
72461125199
72477692139
72478483585
73358991750
73459030177
73464411735
73595326857
73798969716
74455711872
74530823603
74539558703
74545638907
74546798332
75809205829
75819167884
76058063397
76331332610
76719614032
77539832525
78470260200
78978151584
79292171427
79311698045
80342713860
80346206102
80789570553
81831601495
82631818376
82813284221
3002943576
4108248709
4199147909
50364915787
51366525798
51940838541
51941121845
52203941744
52410229116
52510314739
52562493288
54778621966
57705902706
58301825841
58525860180
58622096584
5875230279
58952198911
59325291875
59679469371
6008360707
6008752010
6173734997
61837737582
62095610294
62818325449
62863970735
63037937419
63314025613
63540801093
6363242751
6376944654
64340394150
64883978705
65384157348
6632291935
6636810540
66429551193
66648394199
67025716592
67260106422
67289070019
67367039316
67396032698
67562830685
67796376483
67865517659
68025942632
69605878910
70189673623
70201488511
71968547310
72478474176
72905160649
72915191554
73551744203
73649549181
74393789723
75364923574
75376310444
75809205829
76058063397
76931041397
78492543902
78511555286
79511821691
79974736033
22192746488
4097210507
4225370569
4241050735
4983755766
51601264289
51810034226
51846933480
52409206430
53215154973
53295115745
5450174885
57705902706
58301825841
58335017175
58952198911
60019267297
60351132023
6172248856
62863970735
63034010906
63350399484
63831251160
64340394150
64404322488
64764436430
64883978705
65647572885
65988189178
66429551193
66846639707
67289070019
67562830685
67865517659
67876690544
68013113888
68537477162
68808070825
69636459219
69979853288
70537057490
71471020170
71968547310
72457779834
72905160649
73358991750
73464411735
73595326857
73893635867
73896283775
73965264293
74393789723
76058063397
77880353730
78810663837
80184107251
80325444418
80703688178
81329552768
81831601495
16117865439
2991755384
3944311617
50232794710
50278512204
51486345667
52112859731
52586554486
52732030364
52800004417
52890491313
53215154973
55411308283
5546937543
56855310223
5767330651
57705902706
58195327174
5874662675
58749927853
58952198911
58959266085
5923475425
5952688632
59581999541
59902488163
6024955672
60291965661
60883721186
6180879197
61837737582
6226417762
62376246706
62659344455
62686084996
62821217673
6315646130
63167323646
6376944654
6424194996
64258214921
64559475228
64689624277
64699195487
64797730246
64883978705
64893119065
6516016822
65206218184
6556122677
6573833521
6606581191
66138346225
66429551193
67024298649
67189565340
67198009423
67260106422
6729201576
67396032698
67757414781
6783462761
67881716589
67975984178
68014602215
68025942632
68177574468
68178557057
6879198984
68808070825
6905649706
69120409714
69605878910
70537057490
70723555523
71307867017
71931038593
71968547310
72074956643
72086304955
72382386143
73128212617
73593967535
73967288605
74444857233
75204881393
76058063397
76481715194
77052149153
77101249516
77392843862
77396163632
77866055554
77869301454
78184455814
78390289592
78511555286
78662738930
78964091416
80178277405
80346206102
80789570553
80794466915
81329552768
81831601495
82518015165
82813284221
2809551702
3151502154
3584710893
3604931179
4055681688
4373947751
4492956276
51486345667
51657532211
52800004417
54778621966
56855310223
57256465742
58952198911
59691630627
60273941904
60618853412
60883721186
6105681968
61607414100
62271245185
6376944654
63831251160
64559475228
64615669736
65163800959
6594115119
65988189178
6606581191
66106093521
6728778800
67809031843
67865517659
68100958869
68123379794
6814207870
6925689411
69536496004
69636459219
70438741954
70935113695
73199529517
73321306279
73515126669
74379944248
75116983549
75707442753
75718774822
75809205829
76481715194
76624327132
76709963034
77089793044
78511555286
78518019666
80789570553
3151502154
4102772921
4373947751
4456699071
50255458497
51055786144
51569551144
51747695333
51810034226
52782399059
54396082102
54778621966
55755652031
55773307979
56071366734
56209850502
56855310223
5838371882
58952198911
59044516498
5950131817
60032393498
60091732267
60484338274
61566102197
61883182497
61976280195
62117393346
62271245185
62295249921
62659344455
62855821749
63339264523
63345508719
64120872999
64559475228
64626390798
64637127215
64864578910
65225424819
6606581191
66106093521
67189565340
67198009423
67396032698
67604199693
67781373880
68177574468
68191942681
68392686500
6925689411
69536496004
69605477473
70189673623
70584619091
70697469521
70960789315
71652701861
71962028314
72366281387
72382386143
72457776511
72461125199
72477692139
72478483585
72491155797
73017737008
73188460038
73561990792
73649549181
73673470689
73695143407
73704052229
73735109380
73847188750
74153649936
74449898648
74530823603
74587938917
74888123930
75090323165
75809205829
75954162531
76302391512
76719614032
77089793044
79511821691
7953590225
80566954366
16117865439
3209737607
3503355631
4456699071
50278512204
50850676873
53041210827
54778621966
56209850502
56788712106
56855310223
5754681496
57771897916
58301825841
5922566902
5950131817
59691630627
6017449278
6140386969
61566102197
61607414100
62271245185
62295249921
62787846269
63360133847
63666178562
64210161368
64258214921
64626390798
65206218184
65974094679
66229336685
67198009423
67604199693
67705745762
67931640700
6925689411
69359054639
69536496004
69605477473
70189673623
70362944732
70818186545
70960789315
70961139459
71292929957
71333462750
73668374980
75341423265
75809205829
75824046468
78891212640
78893815602
78955357951
79335971692
80104459167
80703688178
81330775628
81831601495
1886674700
3209737607
3623120361
4319875511
4373947751
50279053831
51700960082
52696135388
53295115745
5450174885
54948276299
55304954155
55822646461
56855310223
56920185507
58195327174
58273690771
58301825841
5874662675
60019324313
60032393498
60484338274
61007692508
6140386969
61570153374
6160720962
6173474881
62659344455
62686084996
62787846269
62865856865
6311860827
63339264523
63345508719
64404322488
64533744058
6478647035
6634562204
66455451409
66822588906
67260106422
67865517659
6796354195
68500758872
6925689411
69358860299
69605878910
70414597695
70706877041
71554283626
71767376341
72360166955
72457779834
72874161710
73017737008
73111420485
73495029040
73560225381
73603056403
73758057725
73961023565
75809205829
75866579467
76624327132
77166823106
78640374034
78810663837
80133865987
81831601495
82719264901
83319303366
4102772921
4373947751
4588722227
50043877829
50279053831
50296753295
50777963923
51088450673
51529125091
51560233658
51700960082
52662240919
52911821355
53093835535
53245006370
53588294867
54396082102
57561033351
58301825841
58403692427
59351402622
6116005634
61595103478
6160720962
61762073793
62845823739
62855821749
63330051721
63345508719
63360133847
64626390798
65126361314
6599612352
66229336685
66454014773
66822588906
67198009423
67512564543
67865517659
67931640700
6802019556
68803546463
69358860299
70272594068
70818186545
71292929957
71609002780
71834064791
72195267586
73111420485
73187242148
73354136464
73464411735
74444857233
75809205829
76348157444
76586048033
77965025649
78184455814
79287428359
80342713860
80566954366
80911142280
80952929468
